Bone: 0
0.99999 -0.00383845 0.00170028 -4.55388 
0.00383645 0.999993 0.00119069 -10.5253 
-0.00170481 -0.00118417 0.999997 -4.975 
0 0 0 1 
Bone: 1
0.999807 0.0196219 0.00166767 -6.96702 
-0.0196241 0.999806 0.00119179 -10.5061 
-0.00164387 -0.00122425 0.999997 -4.97088 
0 0 0 1 
Bone: 2
0.837903 -0.0957633 0.537355 4.09908 
0.000645044 0.98466 0.174472 -9.36758 
-0.545821 -0.145844 0.825109 12.1039 
0 0 0 1 
Bone: 3
0.837903 -0.0659401 0.541823 0.317682 
0.000644825 0.992793 0.119825 -10.2088 
-0.545821 -0.100053 0.831905 6.29805 
0 0 0 1 
Bone: 4
0.837903 -0.057398 0.542795 -0.884202 
0.000644763 0.994557 0.104174 -10.4031 
-0.545821 -0.0869375 0.833377 4.4528 
0 0 0 1 
Bone: 5
0.837903 -0.0233259 0.545323 -6.50203 
0.000646724 0.999127 0.0417431 -10.9447 
-0.545821 -0.0346243 0.837184 -4.17243 
0 0 0 1 
Bone: 6
0.997532 -0.0138214 -0.0688799 -8.00303 
0.0146373 0.999828 0.0113502 -11.0584 
0.0687093 -0.0123308 0.997559 -8.02009 
0 0 0 1 
Bone: 7
0.687644 -0.255966 0.679384 30.9044 
0.225475 0.964889 0.135225 -6.83031 
-0.690054 0.0602059 0.721201 -18.0124 
0 0 0 1 
Bone: 8
0.739685 0.0703749 0.669236 -21.9716 
-0.165425 0.983015 0.0796544 -2.37013 
-0.652255 -0.169748 0.738755 17.8474 
0 0 0 1 
Bone: 9
-0.123043 0.959213 0.254271 -108.081 
0.490434 0.281701 -0.824726 74.1723 
-0.862837 0.0232255 -0.505014 7.20673 
0 0 0 1 
Bone: 10
-0.182122 0.766093 0.61671 -84.0262 
0.316649 0.638457 -0.701502 42.3762 
-0.930389 0.0684369 -0.359585 5.19739 
0 0 0 1 
Bone: 11
-0.712185 0.178043 0.680507 16.3983 
0.339912 0.935898 0.11297 6.02278 
-0.61241 0.308818 -0.723475 -41.8449 
0 0 0 1 
Bone: 12
-0.652389 0.136639 0.746845 17.3229 
0.426583 0.88144 0.213455 6.75223 
-0.62461 0.453885 -0.630369 -57.0586 
0 0 0 1 
Bone: 13
-0.562405 0.0487175 0.826679 21.5307 
0.558414 0.761093 0.337021 12.0258 
-0.608368 0.646192 -0.453464 -78.2179 
0 0 0 1 
Bone: 14
-0.742833 0.233149 0.627954 14.7718 
-0.397492 0.599581 -0.694624 96.8904 
-0.538901 -0.764329 -0.353423 70.5015 
0 0 0 1 
Bone: 15
-0.273073 -0.723083 0.634849 83.9476 
-0.64022 -0.354816 -0.681339 218.036 
0.716684 -0.592823 -0.366715 -40.0088 
0 0 0 1 
Bone: 16
0.318739 -0.709045 0.62936 37.9118 
-0.215369 -0.699695 -0.68115 222.61 
0.922771 0.0804111 -0.3764 -126.878 
0 0 0 1 
Bone: 17
0.0595347 0.371191 0.926706 -55.5772 
0.527554 0.77589 -0.346185 11.709 
-0.846617 0.51034 -0.150052 -51.5714 
0 0 0 1 
Bone: 18
-0.137037 0.946902 0.290666 -105.498 
0.527282 0.318308 -0.787842 66.8242 
-0.838656 0.0452808 -0.542842 3.38211 
0 0 0 1 
Bone: 19
-0.152671 0.932979 0.325787 -103.183 
0.562301 0.35326 -0.7477 60.4067 
-0.812808 0.069012 -0.578497 -0.678082 
0 0 0 1 
Bone: 20
0.902885 0.0728167 0.423758 -20.9596 
-0.138542 0.98221 0.126364 -9.20711 
-0.407059 -0.172783 0.896923 18.4873 
0 0 0 1 
Bone: 21
0.84117 -0.539303 -0.0396984 77.2582 
0.440725 0.726304 -0.527342 45.0891 
0.313194 0.426129 0.848809 -63.1781 
0 0 0 1 
Bone: 22
0.664329 -0.726212 -0.176894 97.4121 
-0.521763 -0.281148 -0.80537 150.513 
0.535125 0.627402 -0.565767 -74.025 
0 0 0 1 
Bone: 23
0.498474 -0.520761 0.693035 57.6261 
-0.113705 -0.831834 -0.543188 238.858 
0.859438 0.191916 -0.473957 -3.3469 
0 0 0 1 
Bone: 24
0.777357 -0.557469 -0.290846 80.3507 
-0.623864 -0.739981 -0.251785 195.582 
-0.0741512 0.376757 -0.923439 -83.728 
0 0 0 1 
Bone: 25
0.795691 -0.527293 -0.297513 78.2278 
-0.601198 -0.74385 -0.292243 197.448 
-0.0664968 0.410962 -0.909319 -86.9705 
0 0 0 1 
Bone: 26
0.971721 -0.0653506 -0.226802 40.4673 
-0.221306 -0.575224 -0.787652 203.117 
-0.0781466 0.815017 -0.57397 -130.207 
0 0 0 1 
Bone: 27
-0.0968071 -0.76599 0.635519 44.1564 
-0.645086 -0.438092 -0.626063 158.847 
0.75786 -0.470623 -0.451825 63.2348 
0 0 0 1 
Bone: 28
-0.783281 -0.0319401 0.620814 -84.6547 
-0.5275 0.562418 -0.636616 59.032 
-0.329079 -0.826195 -0.457492 23.5361 
0 0 0 1 
Bone: 29
-0.548532 0.565285 0.615997 -130.532 
0.0814236 0.769372 -0.633531 82.1637 
-0.832223 -0.297349 -0.468164 -69.6879 
0 0 0 1 
Bone: 30
0.497947 -0.520074 0.693234 57.5161 
-0.114446 -0.831823 -0.543316 238.809 
0.859545 0.192935 -0.474073 -3.44926 
0 0 0 1 
Bone: 31
0.497947 -0.520074 0.693234 57.5161 
-0.114446 -0.831823 -0.543316 238.809 
0.859545 0.192935 -0.474073 -3.44926 
0 0 0 1 
Bone: 32
0.243911 -0.845007 -0.475598 86.2985 
-0.902003 -0.0180896 -0.4313 97.4538 
0.355973 0.533933 -0.767146 -71.156 
0 0 0 1 
Bone: 33
0.674886 -0.726706 0.128168 95.3189 
-0.337733 -0.458643 -0.821888 178.304 
0.656064 0.511441 -0.555056 -52.7852 
0 0 0 1 
Bone: 34
0.837904 -0.0573998 0.54279 -0.883793 
0.000645843 0.994565 0.104174 -10.4043 
-0.54582 -0.0869386 0.833371 4.4531 
0 0 0 1 
Bone: 35
0.984225 -0.140421 -0.107646 10.2536 
0.045812 0.789895 -0.611527 13.5121 
0.170898 0.596947 0.783866 -67.618 
0 0 -0 1 
Bone: 36
0.982535 -0.0524104 -0.178554 5.46052 
0.0418743 0.997179 -0.0622768 -1.76115 
0.181312 0.0537128 0.981956 -36.7004 
0 0 0 1 
Bone: 37
0.961481 -0.0344268 -0.272715 6.60107 
0.0301928 0.99935 -0.0197064 -2.10587 
0.273214 0.0107136 0.961891 -37.2344 
0 0 -0 1 
Bone: 38
0.961481 -0.0344268 -0.272717 6.60106 
0.0301928 0.99934 -0.0197078 -2.10586 
0.273214 0.0107146 0.9619 -37.2343 
0 0 0 1 
Bone: 39
0.880932 0.143787 0.450872 -23.5313 
-0.111856 0.988993 -0.0968496 -10.4372 
-0.459836 0.0348851 0.887316 -14.0036 
0 0 0 1 
Bone: 40
0.875897 -0.1191 0.467568 -8.02211 
-0.113767 0.890754 0.440015 -7.55643 
-0.468896 -0.4386 0.766656 14.7579 
0 0 0 1 
Bone: 41
0.77264 -0.00870658 0.634783 -12.9524 
0.00523011 0.999962 0.00734825 -2.42188 
-0.634823 -0.00235799 0.772646 6.23603 
0 0 -0 1 
Bone: 42
0.77264 -0.00870633 0.634792 -12.9524 
0.00523011 0.999948 0.00734716 -2.42186 
-0.634823 -0.00235781 0.772657 6.23608 
0 0 0 1 
