Bone: 0
1 -0.000341717 -3.74715e-007 2.04453e-005 
0.000341703 1 -0.000340194 -2.09808e-005 
5.95864e-007 0.000340313 1 -0.149162 
0 0 0 1 
Bone: 1
0.961565 0.249428 -0.114798 2.8246 
-0.26612 0.949555 -0.165908 5.14148 
0.0676254 0.190081 0.979436 -0.0201969 
0 0 0 1 
Bone: 2
0.941238 0.32609 -0.0879545 1.69204 
-0.337677 0.903418 -0.264216 8.95775 
-0.00669824 0.27839 0.960445 0.579712 
0 0 0 1 
Bone: 3
0.87294 0.473979 -0.11541 2.89981 
-0.48649 0.828333 -0.277834 9.77129 
-0.0360893 0.298678 0.953671 0.901081 
0 0 0 1 
Bone: 4
0.998426 0.0420932 0.0370479 -3.8773 
-0.0556233 0.827128 0.559255 -33.0513 
-0.00710228 -0.560435 0.828168 11.0112 
0 0 0 1 
Bone: 5
0.259423 -0.946822 -0.190335 -4.22107 
0.963718 0.240974 0.1148 12.2621 
-0.0628291 -0.213211 0.974984 1.28731 
0 0 0 1 
Bone: 6
0.0530063 -0.987696 -0.14713 -12.817 
0.614419 -0.0838889 0.784508 -30.5683 
-0.787197 -0.131984 0.602412 -4.02647 
0 0 0 1 
Bone: 7
0.387791 -0.921616 0.0155581 -10.184 
0.907515 0.384704 0.168581 7.41615 
-0.161352 -0.051255 0.985565 -2.82228 
-0 0 0 1 
Bone: 8
0.70195 -0.553467 0.448264 -19.8586 
0.608636 0.793022 0.0260546 3.61563 
-0.369903 0.254541 0.893522 -5.83219 
-0 0 0 1 
Bone: 9
0.550426 -0.674159 -0.492484 21.6159 
0.289324 0.707357 -0.644933 24.3052 
0.783149 0.2125 0.584398 54.5498 
0 0 0 1 
Bone: 10
-0.260767 -0.959163 -0.10957 -28.163 
0.12852 0.0779959 -0.988635 36.135 
0.956809 -0.271886 0.102933 85.8638 
0 0 0 1 
Bone: 11
0.695275 0.155622 0.701694 -34.7478 
0.473642 0.635108 -0.610164 18.4382 
-0.540606 0.756584 0.367866 32.0535 
0 0 0 1 
Bone: 12
-0.257652 -0.0161976 0.966102 -26.5946 
-0.189503 0.981288 -0.0340868 3.14818 
-0.947472 -0.191862 -0.255901 74.923 
0 0 0 1 
Bone: 13
-0.0148212 0.413767 0.910262 -32.9262 
-0.795947 0.546115 -0.261201 34.9548 
-0.605184 -0.728392 0.321242 37.3819 
0 0 0 1 
Bone: 14
-0.324116 0.404647 0.855108 -20.2894 
-0.671296 0.538515 -0.509276 43.0441 
-0.666566 -0.739095 0.0970974 50.287 
0 0 -0 1 
Bone: 15
0.120969 0.308657 0.943449 -40.0385 
-0.706734 0.694188 -0.136492 26.6413 
-0.69706 -0.650257 0.302114 41.651 
0 0 -0 1 
Bone: 16
-0.598211 0.391529 0.699177 -0.86288 
-0.504854 0.493437 -0.708268 45.8227 
-0.622307 -0.776676 -0.0975144 58.3885 
0 0 0 1 
Bone: 17
-0.713588 0.605461 -0.352432 53.5713 
0.700004 0.636357 -0.324105 -21.0164 
0.0280391 -0.477981 -0.877922 69.0639 
0 0 0 1 
Bone: 18
0.998354 -0.0519989 -0.0241871 -0.44969 
0.0525269 0.998383 0.0217338 -3.75816 
0.023018 -0.0229683 0.999471 -0.306046 
0 0 0 1 
Bone: 19
0.992822 0.119574 -0.00240025 -0.820821 
-0.118826 0.983937 -0.133227 -0.189548 
-0.0135686 0.132556 0.991082 0.00753784 
0 0 0 1 
Bone: 20
0.994916 0.100694 0.00173329 -0.814931 
-0.0990395 0.981395 -0.164482 -0.191762 
-0.0182634 0.163475 0.986378 -0.00191402 
0 0 0 1 
Bone: 21
0.994869 0.101165 -0.00127008 -0.811038 
-0.100946 0.991711 -0.0795011 -0.240142 
-0.00678312 0.0792216 0.996834 -0.229229 
0 0 0 1 
Bone: 22
0.993947 0.109836 0.00239749 -0.762944 
-0.109851 0.993922 0.00715988 -0.24515 
-0.00159522 -0.00737965 0.999971 -0.716886 
0 0 0 1 
Bone: 23
0.962834 0.239596 -0.124673 2.21083 
-0.249052 0.9662 -0.066559 -1.26246 
0.104512 0.0951355 0.989963 0.573713 
0 0 0 1 
Bone: 24
0.998024 -0.0628232 0.00118616 0.273598 
0.0628158 0.99801 0.005501 -0.882306 
-0.00152927 -0.00541554 0.999984 -0.136208 
0 0 0 1 
Bone: 25
0.998827 -0.0482977 -0.00333661 0.268975 
0.0481334 0.998095 -0.0386011 -0.820817 
0.00519457 0.0383953 0.999249 -0.168171 
0 0 0 1 
Bone: 26
0.998834 -0.0481558 -0.00334742 0.269303 
0.0480575 0.998532 -0.0249982 -0.832817 
0.00454641 0.0248083 0.999682 -0.197332 
0 0 0 1 
Bone: 27
0.998311 -0.0579763 -0.0037642 0.214908 
0.0580982 0.996405 0.0616568 -0.85538 
0.000177344 -0.0617713 0.998091 -0.676713 
0 0 0 1 
Bone: 28
0.767388 0.641183 -0.000471604 -3.15299 
-0.622451 0.744792 -0.2405 7.55559 
-0.153853 0.18485 0.970649 -0.243855 
0 0 0 1 
Bone: 29
0.467804 -0.879854 0.0837609 -15.1511 
0.873979 0.474619 0.10439 16.8892 
-0.131602 0.024371 0.991003 1.70021 
0 0 -0 1 
Bone: 30
0.968585 0.245238 -0.0412546 0.473423 
-0.248281 0.963059 -0.104276 1.93632 
0.0141584 0.111243 0.993692 -0.669836 
0 0 0 1 
Bone: 31
0.968585 0.245239 -0.0412548 0.473431 
-0.248281 0.963059 -0.104275 1.93629 
0.0141589 0.111242 0.993692 -0.669849 
0 0 0 1 
