Bone: 0
-0.594075 0.0016229 0.804408 0.287266 
-0.689197 0.514666 -0.510027 -1.19442 
-0.414829 -0.85739 -0.304632 -1.60391 
0 0 0 1 
Bone: 1
0.990433 -0.11888 -0.0700688 -0.0729738 
0.0119163 0.579553 -0.814848 -0.756428 
0.137477 0.806217 0.575425 -0.389925 
0 0 0 1 
Bone: 2
0.391731 0.192083 0.899806 1.16536 
-0.260581 0.961085 -0.0917201 -0.240831 
-0.882408 -0.198544 0.42654 -0.882949 
0 0 0 1 
Bone: 3
0.992025 0.071893 0.103538 0.0877362 
-0.107051 0.914183 0.390908 0.363724 
-0.0665489 -0.398874 0.914588 -0.00331748 
0 0 0 1 
Bone: 4
0.991899 0.071465 0.105021 0.0885638 
-0.108409 0.907159 0.406583 0.372556 
-0.0662132 -0.414675 0.907557 -0.00659657 
0 0 0 1 
Bone: 5
0.985582 -0.128524 -0.110049 -0.0942544 
0.169198 0.753378 0.635448 0.0248985 
0.00123761 -0.644906 0.764261 -0.209917 
0 0 0 1 
Bone: 6
0.988713 -0.149821 0.000707904 -0.00286703 
0.149821 0.988668 -0.00940279 -0.00835126 
0.000708829 0.00940273 0.999955 0.070537 
0 0 0 1 
Bone: 7
0.972328 -0.21836 -0.083063 -0.0821644 
0.182354 0.487108 0.854091 0.0598862 
-0.146038 -0.845603 0.513447 -0.181002 
0 0 0 1 
Bone: 8
0.998696 0.0291187 0.0419296 0.0284785 
-0.0253633 0.995844 -0.0874663 -0.0869229 
-0.0443023 0.0862888 0.995284 0.061591 
0 0 0 1 
Bone: 9
0.420804 0.0576755 0.905317 1.20599 
0.0320332 0.996409 -0.078368 -0.0636718 
-0.906586 0.0619778 0.417445 -0.939842 
0 0 0 1 
Bone: 10
0.989382 0.091364 0.11303 0.0861924 
-0.11388 0.970546 0.212302 0.345556 
-0.0903042 -0.22292 0.970645 -0.0192485 
0 0 0 1 
Bone: 11
-0.0728703 -0.194969 0.978099 0.949203 
-0.36614 0.917458 0.155603 0.0497569 
-0.927702 -0.346783 -0.138242 -1.75117 
0 0 0 1 
Bone: 12
0.535231 -0.0349511 -0.843983 -1.19882 
0.150055 0.987186 0.0542794 0.093794 
0.831271 -0.155696 0.533617 -0.750611 
0 0 0 1 
Bone: 13
0.0990225 0.499806 0.860458 1.38202 
0.764368 -0.591858 0.255823 -0.366712 
0.637131 0.632374 -0.440643 -2.40189 
0 0 0 1 
Bone: 14
-0.024621 0.533037 -0.845733 -1.00203 
-0.958333 0.22825 0.171757 0.876325 
0.284592 0.814723 0.505208 -0.645198 
0 0 0 1 
Bone: 15
-0.669268 0.54503 0.504998 1.52001 
0.187002 -0.534221 0.824402 0.989969 
0.719105 0.646181 0.255616 -1.42957 
0 0 0 1 
Bone: 16
0.408224 0.154204 0.899763 1.18088 
-0.166617 0.98166 -0.0926453 -0.176773 
-0.897548 -0.112096 0.42643 -0.90252 
0 0 0 1 
Bone: 17
-0.382934 0.55813 -0.736106 -0.583505 
-0.875093 -0.474437 0.0955085 0.773065 
-0.295931 0.680735 0.670094 0.0329531 
0 0 0 1 
Bone: 18
-0.390423 0.569572 -0.723297 -0.558566 
-0.86315 -0.499731 0.0723926 0.729266 
-0.320221 0.652578 0.686732 0.0764947 
0 0 0 1 
Bone: 19
-0.768487 0.591734 0.243474 -0.819283 
0.528521 0.8015 -0.279759 0.146071 
-0.360686 -0.0863099 -0.928685 -2.49537 
0 0 0 1 
Bone: 20
0.972327 -0.21836 -0.0830626 -0.0821642 
0.182354 0.487107 0.854092 0.059886 
-0.146039 -0.845604 0.513447 -0.181001 
0 0 0 1 
Bone: 21
-0.265616 0.959537 0.0934753 0.0439663 
-0.962462 -0.258309 -0.0833224 0.00126392 
-0.0558054 -0.112098 0.992129 0.069895 
0 0 -0 1 
Bone: 22
-0.381603 0.553384 -0.740369 -0.589854 
-0.876893 -0.47003 0.10065 0.780246 
-0.292297 0.687633 0.664623 0.020418 
0 0 0 1 
Bone: 23
-0.144216 0.491766 -0.858702 -1.91642 
0.638063 0.709493 0.299157 1.12014 
0.756358 -0.504762 -0.416098 -0.705278 
0 0 0 1 
Bone: 24
0.134578 0.986697 0.091208 0.0385722 
-0.982518 0.144821 -0.116984 -0.0788159 
-0.128636 -0.0738702 0.988937 0.0623018 
0 0 0 1 
Bone: 25
0.989382 0.0913638 0.113031 0.0861924 
-0.113879 0.970546 0.212301 0.345557 
-0.090305 -0.222919 0.970645 -0.0192493 
0 0 0 1 
