xof 0303txt 0032

template AnimTicksPerSecond {
  <9E415A43-7BA6-4a73-8743-B73D47E88476>
  DWORD AnimTicksPerSecond;
}

template XSkinMeshHeader {
  <3cf169ce-ff7c-44ab-93c0-f78f62d172e2>
  WORD nMaxSkinWeightsPerVertex;
  WORD nMaxSkinWeightsPerFace;
  WORD nBones;
}

template SkinWeights {
  <6f0d123b-bad2-4167-a0d0-80224f25fabb>
  STRING transformNodeName;
  DWORD nWeights;
  array DWORD vertexIndices[nWeights];
  array float weights[nWeights];
  Matrix4x4 matrixOffset;
}

Frame Root {
  FrameTransformMatrix {
     1.000000, 0.000000, 0.000000, 0.000000,
     0.000000,-0.000000, 1.000000, 0.000000,
     0.000000, 1.000000, 0.000000, 0.000000,
     0.000000, 0.000000, 0.000000, 1.000000;;
  }
  Frame Huesos {
    FrameTransformMatrix {
      -0.626523,-0.000000,-0.010743, 0.000000,
       0.000000, 0.626615,-0.000000, 0.000000,
       0.010743,-0.000000,-0.626523, 0.000000,
      -0.000001,-0.013539, 1.924516, 1.000000;;
    }
    Frame Huesos_MasterBone {
      FrameTransformMatrix {
         1.000000, 0.000377,-0.000012, 0.000000,
         0.000377,-0.999758, 0.022003, 0.000000,
        -0.000004,-0.022003,-0.999758, 0.000000,
         0.011775, 0.184803, 0.872859, 1.000000;;
      }
      Frame Huesos_C3 {
        FrameTransformMatrix {
           0.999719,-0.017128, 0.016376, 0.000000,
          -0.017119,-0.044176, 0.998877, 0.000000,
          -0.016385,-0.998877,-0.044456, 0.000000,
          -0.000000, 0.177066,-0.000000, 1.000000;;
        }
        Frame Huesos_C2 {
          FrameTransformMatrix {
             0.999999, 0.001296,-0.000050, 0.000000,
            -0.001296, 0.997138,-0.075592, 0.000000,
            -0.000048, 0.075592, 0.997139, 0.000000,
            -0.000000, 0.389114,-0.000000, 1.000000;;
          }
          Frame Huesos_C1 {
            FrameTransformMatrix {
               0.999999,-0.001093,-0.000035, 0.000000,
               0.001093, 0.997967, 0.063721, 0.000000,
              -0.000035,-0.063721, 0.997968, 0.000000,
               0.000000, 0.323378,-0.000000, 1.000000;;
            }
            Frame Huesos_Neck {
              FrameTransformMatrix {
                 0.136270, 0.219109, 0.966137, 0.000000,
                -0.003842, 0.975344,-0.220655, 0.000000,
                -0.990664, 0.026357, 0.133752, 0.000000,
                 0.003177, 0.159664,-0.000816, 1.000000;;
              }
              Frame Huesos_Head {
                FrameTransformMatrix {
                   0.586876,-0.099817,-0.803500, 0.000000,
                   0.199342, 0.979639, 0.023901, 0.000000,
                   0.784754,-0.174198, 0.594825, 0.000000,
                  -0.000000, 0.088990, 0.000000, 1.000000;;
                }
                Frame Huesos_EyeL {
                  FrameTransformMatrix {
                    -0.830901, 0.016766, 0.556168, 0.000000,
                    -0.556418,-0.021979,-0.830612, 0.000000,
                    -0.001702,-0.999618, 0.027591, 0.000000,
                    -0.153205, 0.240996,-0.148747, 1.000000;;
                  }
                } // End of Huesos_EyeL
                Frame Huesos_EyeR {
                  FrameTransformMatrix {
                    -0.910331, 0.016606, 0.413547, 0.000000,
                    -0.413836,-0.021817,-0.910090, 0.000000,
                    -0.006091,-0.999624, 0.026733, 0.000000,
                    -0.050976, 0.241008,-0.207492, 1.000000;;
                  }
                } // End of Huesos_EyeR
              } // End of Huesos_Head
              Frame Huesos_Jaw {
                FrameTransformMatrix {
                  -0.321532,-0.816918, 0.478813, 0.000000,
                  -0.945482, 0.304631,-0.115169, 0.000000,
                  -0.051777,-0.489740,-0.870330, 0.000000,
                  -0.000000, 0.088990, 0.000000, 1.000000;;
                }
              } // End of Huesos_Jaw
            } // End of Huesos_Neck
          } // End of Huesos_C1
          Frame Huesos_ShoulderBoneR {
            FrameTransformMatrix {
              -0.000923, 0.136537,-0.990635, 0.000000,
               0.981624,-0.188912,-0.026952, 0.000000,
              -0.190823,-0.972456,-0.133854, 0.000000,
               0.003222, 0.326319, 0.000983, 1.000000;;
            }
            Frame Huesos_UpperarmR {
              FrameTransformMatrix {
                 0.827850, 0.279649,-0.486272, 0.000000,
                 0.001706, 0.865614, 0.500708, 0.000000,
                 0.560947,-0.415341, 0.716122, 0.000000,
                 0.000000, 0.430068,-0.000000, 1.000000;;
              }
              Frame Huesos_ForearmR {
                FrameTransformMatrix {
                   0.958189,-0.261934, 0.115170, 0.000000,
                   0.258048, 0.964953, 0.047714, 0.000000,
                  -0.123631,-0.015999, 0.992199, 0.000000,
                   0.000000, 0.377535,-0.000000, 1.000000;;
                }
                Frame Huesos_HandR {
                  FrameTransformMatrix {
                     0.938767, 0.055354,-0.340076, 0.000000,
                     0.028535, 0.971130, 0.236840, 0.000000,
                     0.343368,-0.232041, 0.910085, 0.000000,
                    -0.000000, 0.539810,-0.000000, 1.000000;;
                  }
                  Frame Huesos_FingersR {
                    FrameTransformMatrix {
                       0.961773, 0.010662,-0.273640, 0.000000,
                       0.091984, 0.928609, 0.359479, 0.000000,
                       0.257937,-0.370907, 0.892130, 0.000000,
                      -0.000000, 0.197317, 0.000000, 1.000000;;
                    }
                  } // End of Huesos_FingersR
                } // End of Huesos_HandR
                Frame Huesos_ThumbR {
                  FrameTransformMatrix {
                     0.167053,-0.219260, 0.961259, 0.000000,
                     0.751268, 0.659697, 0.019915, 0.000000,
                    -0.638506, 0.718836, 0.274928, 0.000000,
                    -0.000000, 0.539810,-0.000000, 1.000000;;
                  }
                  Frame Huesos_Thumb2R {
                    FrameTransformMatrix {
                      -0.362835, 0.390156,-0.846244, 0.000000,
                       0.353176, 0.897956, 0.262569, 0.000000,
                       0.862333,-0.203604,-0.463603, 0.000000,
                       0.000000, 0.170652,-0.000000, 1.000000;;
                    }
                  } // End of Huesos_Thumb2R
                } // End of Huesos_ThumbR
              } // End of Huesos_ForearmR
            } // End of Huesos_UpperarmR
          } // End of Huesos_ShoulderBoneR
          Frame Huesos_ShoulderboneL {
            FrameTransformMatrix {
               0.040581,-0.176293, 0.983501, 0.000000,
              -0.982057,-0.188465, 0.006739, 0.000000,
               0.184167,-0.966127,-0.180778, 0.000000,
               0.003222, 0.326319, 0.000983, 1.000000;;
            }
            Frame Huesos_upperarmL {
              FrameTransformMatrix {
                 0.827838,-0.296069, 0.476473, 0.000000,
                 0.019957, 0.864385, 0.502434, 0.000000,
                -0.560611,-0.406426, 0.721480, 0.000000,
                -0.000000, 0.429965,-0.000000, 1.000000;;
              }
              Frame Huesos_ForearmL {
                FrameTransformMatrix {
                   0.954308, 0.269481,-0.129135, 0.000000,
                  -0.265449, 0.962939, 0.047806, 0.000000,
                   0.137232,-0.011343, 0.990474, 0.000000,
                   0.000000, 0.385051,-0.000000, 1.000000;;
                }
                Frame Huesos_HandL {
                  FrameTransformMatrix {
                     0.936722,-0.075456, 0.341846, 0.000000,
                    -0.001258, 0.975762, 0.218829, 0.000000,
                    -0.350072,-0.205412, 0.913923, 0.000000,
                     0.000000, 0.539152,-0.000000, 1.000000;;
                  }
                  Frame Huesos_FingerL {
                    FrameTransformMatrix {
                       0.999048, 0.015576, 0.040755, 0.000000,
                      -0.032116, 0.894807, 0.445296, 0.000000,
                      -0.029532,-0.446181, 0.894455, 0.000000,
                      -0.000000, 0.210500, 0.000000, 1.000000;;
                    }
                  } // End of Huesos_FingerL
                } // End of Huesos_HandL
                Frame Huesos_ThumbL {
                  FrameTransformMatrix {
                    -0.236561,-0.203154,-0.950141, 0.000000,
                    -0.736610, 0.675190, 0.039032, 0.000000,
                     0.633596, 0.709117,-0.309369, 0.000000,
                     0.000000, 0.539152,-0.000000, 1.000000;;
                  }
                  Frame Huesos_Thumb2L {
                    FrameTransformMatrix {
                      -0.116417, 0.079159, 0.990041, 0.000000,
                      -0.480680, 0.867810,-0.125908, 0.000000,
                      -0.869134,-0.490551,-0.062977, 0.000000,
                      -0.000000, 0.169051,-0.000000, 1.000000;;
                    }
                  } // End of Huesos_Thumb2L
                } // End of Huesos_ThumbL
              } // End of Huesos_ForearmL
            } // End of Huesos_upperarmL
          } // End of Huesos_ShoulderboneL
          Frame Huesos_ShoulderboneL_001 {
            FrameTransformMatrix {
               0.017769, 0.224893,-0.974221, 0.000000,
               0.980934,-0.192521,-0.026551, 0.000000,
              -0.193529,-0.955175,-0.224026, 0.000000,
               0.003222, 0.326319, 0.000983, 1.000000;;
            }
          } // End of Huesos_ShoulderboneL_001
        } // End of Huesos_C2
      } // End of Huesos_C3
      Frame Huesos_C4 {
        FrameTransformMatrix {
          -0.999145,-0.031387,-0.026906, 0.000000,
           0.026526, 0.012468,-0.999570, 0.000000,
           0.031709,-0.999430,-0.011625, 0.000000,
          -0.000000, 0.177066,-0.000000, 1.000000;;
        }
        Frame Huesos_PelvisL {
          FrameTransformMatrix {
             0.352115, 0.341161, 0.871564, 0.000000,
             0.877982, 0.202244,-0.433873, 0.000000,
            -0.324289, 0.917991,-0.228320, 0.000000,
            -0.001274, 0.236943,-0.009991, 1.000000;;
          }
          Frame Huesos_UpperlegL {
            FrameTransformMatrix {
              -0.129303,-0.894026, 0.428950, 0.000000,
               0.425102, 0.340837, 0.838522, 0.000000,
              -0.895862, 0.290771, 0.335981, 0.000000,
               0.000000, 0.196031,-0.000000, 1.000000;;
            }
            Frame Huesos_LowerlegL {
              FrameTransformMatrix {
                 0.999232,-0.026331, 0.029010, 0.000000,
                 0.029158, 0.994381,-0.101765, 0.000000,
                -0.026167, 0.102533, 0.994385, 0.000000,
                 0.000000, 0.861334, 0.000000, 1.000000;;
              }
              Frame Huesos_FeetL {
                FrameTransformMatrix {
                  -0.740104,-0.588143,-0.326089, 0.000000,
                  -0.456548, 0.083396, 0.885782, 0.000000,
                  -0.493772, 0.804446,-0.330237, 0.000000,
                  -0.000000, 0.962387,-0.000000, 1.000000;;
                }
              } // End of Huesos_FeetL
            } // End of Huesos_LowerlegL
          } // End of Huesos_UpperlegL
        } // End of Huesos_PelvisL
        Frame Huesos_PelvisR {
          FrameTransformMatrix {
             0.301703,-0.317094,-0.899126, 0.000000,
            -0.898938, 0.219572,-0.379076, 0.000000,
             0.317625, 0.922627,-0.218802, 0.000000,
            -0.001274, 0.236943,-0.009991, 1.000000;;
          }
          Frame Huesos_UpperlegR {
            FrameTransformMatrix {
              -0.108161, 0.903069,-0.415653, 0.000000,
              -0.398048, 0.343787, 0.850510, 0.000000,
               0.910966, 0.257442, 0.322281, 0.000000,
              -0.000000, 0.195447, 0.000000, 1.000000;;
            }
            Frame Huesos_LowerlegR {
              FrameTransformMatrix {
                 0.812060,-0.021495,-0.583178, 0.000000,
                -0.044221, 0.994182,-0.098220, 0.000000,
                 0.581896, 0.105550, 0.806385, 0.000000,
                -0.000000, 0.861858,-0.000000, 1.000000;;
              }
              Frame Huesos_FeetR {
                FrameTransformMatrix {
                   0.993448, 0.103450, 0.048573, 0.000000,
                  -0.057452, 0.084653, 0.994753, 0.000000,
                   0.098795,-0.991026, 0.090042, 0.000000,
                   0.000000, 0.961167,-0.000000, 1.000000;;
                }
              } // End of Huesos_FeetR
            } // End of Huesos_LowerlegR
          } // End of Huesos_UpperlegR
        } // End of Huesos_PelvisR
      } // End of Huesos_C4
    } // End of Huesos_MasterBone
  } // End of Huesos
} // End of Root
AnimTicksPerSecond {
  25;
}
AnimationSet Global {
  Animation {
    {Huesos}
    AnimationKey { // Rotation
      0;
      415;
      0;4; 0.008573,-0.000000,-0.999963, 0.000000;;,
      1;4; 0.008573,-0.000000,-0.999963, 0.000000;;,
      2;4; 0.008573,-0.000000,-0.999963, 0.000000;;,
      3;4; 0.008573,-0.000000,-0.999963, 0.000000;;,
      4;4; 0.008573,-0.000000,-0.999963, 0.000000;;,
      5;4; 0.008573,-0.000000,-0.999963, 0.000000;;,
      6;4; 0.008573,-0.000000,-0.999963, 0.000000;;,
      7;4; 0.008573,-0.000000,-0.999963, 0.000000;;,
      8;4; 0.008573,-0.000000,-0.999963, 0.000000;;,
      9;4; 0.008573,-0.000000,-0.999963, 0.000000;;,
      10;4; 0.008573,-0.000000,-0.999963, 0.000000;;,
      11;4; 0.008573,-0.000000,-0.999963, 0.000000;;,
      12;4; 0.008573,-0.000000,-0.999963, 0.000000;;,
      13;4; 0.008573,-0.000000,-0.999963, 0.000000;;,
      14;4; 0.008573,-0.000000,-0.999963, 0.000000;;,
      15;4; 0.008573,-0.000000,-0.999963, 0.000000;;,
      16;4; 0.008573,-0.000000,-0.999963, 0.000000;;,
      17;4; 0.008573,-0.000000,-0.999963, 0.000000;;,
      18;4; 0.008573,-0.000000,-0.999963, 0.000000;;,
      19;4; 0.008573,-0.000000,-0.999963, 0.000000;;,
      20;4; 0.008573,-0.000000,-0.999963, 0.000000;;,
      21;4; 0.008573,-0.000000,-0.999963, 0.000000;;,
      22;4; 0.008573,-0.000000,-0.999963, 0.000000;;,
      23;4; 0.008573,-0.000000,-0.999963, 0.000000;;,
      24;4; 0.008573,-0.000000,-0.999963, 0.000000;;,
      25;4; 0.008573,-0.000000,-0.999963, 0.000000;;,
      26;4; 0.008573,-0.000000,-0.999963, 0.000000;;,
      27;4; 0.008573,-0.000000,-0.999963, 0.000000;;,
      28;4; 0.008573,-0.000000,-0.999963, 0.000000;;,
      29;4; 0.008573,-0.000000,-0.999963, 0.000000;;,
      30;4; 0.008573,-0.000000,-0.999963, 0.000000;;,
      31;4; 0.008573,-0.000000,-0.999963, 0.000000;;,
      32;4; 0.008573,-0.000000,-0.999963, 0.000000;;,
      33;4; 0.008573,-0.000000,-0.999963, 0.000000;;,
      34;4; 0.008573,-0.000000,-0.999963, 0.000000;;,
      35;4; 0.008573,-0.000000,-0.999963, 0.000000;;,
      36;4; 0.008573,-0.000000,-0.999963, 0.000000;;,
      37;4; 0.008573,-0.000000,-0.999963, 0.000000;;,
      38;4; 0.008573,-0.000000,-0.999963, 0.000000;;,
      39;4; 0.008573,-0.000000,-0.999963, 0.000000;;,
      40;4; 0.008573,-0.000000,-0.999963, 0.000000;;,
      41;4; 0.008573,-0.000000,-0.999963, 0.000000;;,
      42;4; 0.008573,-0.000000,-0.999963, 0.000000;;,
      43;4; 0.008573,-0.000000,-0.999963, 0.000000;;,
      44;4; 0.008573,-0.000000,-0.999963, 0.000000;;,
      45;4; 0.008573,-0.000000,-0.999963, 0.000000;;,
      46;4; 0.008573,-0.000000,-0.999963, 0.000000;;,
      47;4; 0.008573,-0.000000,-0.999963, 0.000000;;,
      48;4; 0.008573,-0.000000,-0.999963, 0.000000;;,
      49;4; 0.008573,-0.000000,-0.999963, 0.000000;;,
      50;4; 0.008573,-0.000000,-0.999963, 0.000000;;,
      51;4; 0.008573,-0.000000,-0.999963, 0.000000;;,
      52;4; 0.008573,-0.000000,-0.999963, 0.000000;;,
      53;4; 0.008573,-0.000000,-0.999963, 0.000000;;,
      54;4; 0.008573,-0.000000,-0.999963, 0.000000;;,
      55;4; 0.008573,-0.000000,-0.999963, 0.000000;;,
      56;4; 0.008573,-0.000000,-0.999963, 0.000000;;,
      57;4; 0.008573,-0.000000,-0.999963, 0.000000;;,
      58;4; 0.008573,-0.000000,-0.999963, 0.000000;;,
      59;4; 0.008573,-0.000000,-0.999963, 0.000000;;,
      60;4; 0.008573,-0.000000,-0.999963, 0.000000;;,
      61;4; 0.008573,-0.000000,-0.999963, 0.000000;;,
      62;4; 0.008573,-0.000000,-0.999963, 0.000000;;,
      63;4; 0.008573,-0.000000,-0.999963, 0.000000;;,
      64;4; 0.008573,-0.000000,-0.999963, 0.000000;;,
      65;4; 0.008573,-0.000000,-0.999963, 0.000000;;,
      66;4; 0.008573,-0.000000,-0.999963, 0.000000;;,
      67;4; 0.008573,-0.000000,-0.999963, 0.000000;;,
      68;4; 0.008573,-0.000000,-0.999963, 0.000000;;,
      69;4; 0.008573,-0.000000,-0.999963, 0.000000;;,
      70;4; 0.008573,-0.000000,-0.999963, 0.000000;;,
      71;4; 0.008573,-0.000000,-0.999963, 0.000000;;,
      72;4; 0.008573,-0.000000,-0.999963, 0.000000;;,
      73;4; 0.008573,-0.000000,-0.999963, 0.000000;;,
      74;4; 0.008573,-0.000000,-0.999963, 0.000000;;,
      75;4; 0.008573,-0.000000,-0.999963, 0.000000;;,
      76;4; 0.008573,-0.000000,-0.999963, 0.000000;;,
      77;4; 0.008573,-0.000000,-0.999963, 0.000000;;,
      78;4; 0.008573,-0.000000,-0.999963, 0.000000;;,
      79;4; 0.008573,-0.000000,-0.999963, 0.000000;;,
      80;4; 0.008573,-0.000000,-0.999963, 0.000000;;,
      81;4; 0.008573,-0.000000,-0.999963, 0.000000;;,
      82;4; 0.008573,-0.000000,-0.999963, 0.000000;;,
      83;4; 0.008573,-0.000000,-0.999963, 0.000000;;,
      84;4; 0.008573,-0.000000,-0.999963, 0.000000;;,
      85;4; 0.008573,-0.000000,-0.999963, 0.000000;;,
      86;4; 0.008573,-0.000000,-0.999963, 0.000000;;,
      87;4; 0.008573,-0.000000,-0.999963, 0.000000;;,
      88;4; 0.008573,-0.000000,-0.999963, 0.000000;;,
      89;4; 0.008573,-0.000000,-0.999963, 0.000000;;,
      90;4; 0.008573,-0.000000,-0.999963, 0.000000;;,
      91;4; 0.008573,-0.000000,-0.999963, 0.000000;;,
      92;4; 0.008573,-0.000000,-0.999963, 0.000000;;,
      93;4; 0.008573,-0.000000,-0.999963, 0.000000;;,
      94;4; 0.008573,-0.000000,-0.999963, 0.000000;;,
      95;4; 0.008573,-0.000000,-0.999963, 0.000000;;,
      96;4; 0.008573,-0.000000,-0.999963, 0.000000;;,
      97;4; 0.008573,-0.000000,-0.999963, 0.000000;;,
      98;4; 0.008573,-0.000000,-0.999963, 0.000000;;,
      99;4; 0.008573,-0.000000,-0.999963, 0.000000;;,
      100;4; 0.008573,-0.000000,-0.999963, 0.000000;;,
      101;4; 0.008573,-0.000000,-0.999963, 0.000000;;,
      102;4; 0.008573,-0.000000,-0.999963, 0.000000;;,
      103;4; 0.008573,-0.000000,-0.999963, 0.000000;;,
      104;4; 0.008573,-0.000000,-0.999963, 0.000000;;,
      105;4; 0.008573,-0.000000,-0.999963, 0.000000;;,
      106;4; 0.008573,-0.000000,-0.999963, 0.000000;;,
      107;4; 0.008573,-0.000000,-0.999963, 0.000000;;,
      108;4; 0.008573,-0.000000,-0.999963, 0.000000;;,
      109;4; 0.008573,-0.000000,-0.999963, 0.000000;;,
      110;4; 0.008573,-0.000000,-0.999963, 0.000000;;,
      111;4; 0.008573,-0.000000,-0.999963, 0.000000;;,
      112;4; 0.008573,-0.000000,-0.999963, 0.000000;;,
      113;4; 0.008573,-0.000000,-0.999963, 0.000000;;,
      114;4; 0.008573,-0.000000,-0.999963, 0.000000;;,
      115;4; 0.008573,-0.000000,-0.999963, 0.000000;;,
      116;4; 0.008573,-0.000000,-0.999963, 0.000000;;,
      117;4; 0.008573,-0.000000,-0.999963, 0.000000;;,
      118;4; 0.008573,-0.000000,-0.999963, 0.000000;;,
      119;4; 0.008573,-0.000000,-0.999963, 0.000000;;,
      120;4; 0.008573,-0.000000,-0.999963, 0.000000;;,
      121;4; 0.008573,-0.000000,-0.999963, 0.000000;;,
      122;4; 0.008573,-0.000000,-0.999963, 0.000000;;,
      123;4; 0.008573,-0.000000,-0.999963, 0.000000;;,
      124;4; 0.008573,-0.000000,-0.999963, 0.000000;;,
      125;4; 0.008573,-0.000000,-0.999963, 0.000000;;,
      126;4; 0.008573,-0.000000,-0.999963, 0.000000;;,
      127;4; 0.008573,-0.000000,-0.999963, 0.000000;;,
      128;4; 0.008573,-0.000000,-0.999963, 0.000000;;,
      129;4; 0.008573,-0.000000,-0.999963, 0.000000;;,
      130;4; 0.008573,-0.000000,-0.999963, 0.000000;;,
      131;4; 0.008573,-0.000000,-0.999963, 0.000000;;,
      132;4; 0.008573,-0.000000,-0.999963, 0.000000;;,
      133;4; 0.008573,-0.000000,-0.999963, 0.000000;;,
      134;4; 0.008573,-0.000000,-0.999963, 0.000000;;,
      135;4; 0.008573,-0.000000,-0.999963, 0.000000;;,
      136;4; 0.008573,-0.000000,-0.999963, 0.000000;;,
      137;4; 0.008573,-0.000000,-0.999963, 0.000000;;,
      138;4; 0.008573,-0.000000,-0.999963, 0.000000;;,
      139;4; 0.008573,-0.000000,-0.999963, 0.000000;;,
      140;4; 0.008573,-0.000000,-0.999963, 0.000000;;,
      141;4; 0.008573,-0.000000,-0.999963, 0.000000;;,
      142;4; 0.008573,-0.000000,-0.999963, 0.000000;;,
      143;4; 0.008573,-0.000000,-0.999963, 0.000000;;,
      144;4; 0.008573,-0.000000,-0.999963, 0.000000;;,
      145;4; 0.008573,-0.000000,-0.999963, 0.000000;;,
      146;4; 0.008573,-0.000000,-0.999963, 0.000000;;,
      147;4; 0.008573,-0.000000,-0.999963, 0.000000;;,
      148;4; 0.008573,-0.000000,-0.999963, 0.000000;;,
      149;4; 0.008573,-0.000000,-0.999963, 0.000000;;,
      150;4; 0.008573,-0.000000,-0.999963, 0.000000;;,
      151;4; 0.008573,-0.000000,-0.999963, 0.000000;;,
      152;4; 0.008573,-0.000000,-0.999963, 0.000000;;,
      153;4; 0.008573,-0.000000,-0.999963, 0.000000;;,
      154;4; 0.008573,-0.000000,-0.999963, 0.000000;;,
      155;4; 0.008573,-0.000000,-0.999963, 0.000000;;,
      156;4; 0.008573,-0.000000,-0.999963, 0.000000;;,
      157;4; 0.008573,-0.000000,-0.999963, 0.000000;;,
      158;4; 0.008573,-0.000000,-0.999963, 0.000000;;,
      159;4; 0.008573,-0.000000,-0.999963, 0.000000;;,
      160;4; 0.008573,-0.000000,-0.999963, 0.000000;;,
      161;4; 0.008573,-0.000000,-0.999963, 0.000000;;,
      162;4; 0.008573,-0.000000,-0.999963, 0.000000;;,
      163;4; 0.008573,-0.000000,-0.999963, 0.000000;;,
      164;4; 0.008573,-0.000000,-0.999963, 0.000000;;,
      165;4; 0.008573,-0.000000,-0.999963, 0.000000;;,
      166;4; 0.008573,-0.000000,-0.999963, 0.000000;;,
      167;4; 0.008573,-0.000000,-0.999963, 0.000000;;,
      168;4; 0.008573,-0.000000,-0.999963, 0.000000;;,
      169;4; 0.008573,-0.000000,-0.999963, 0.000000;;,
      170;4; 0.008573,-0.000000,-0.999963, 0.000000;;,
      171;4; 0.008573,-0.000000,-0.999963, 0.000000;;,
      172;4; 0.008573,-0.000000,-0.999963, 0.000000;;,
      173;4; 0.008573,-0.000000,-0.999963, 0.000000;;,
      174;4; 0.008573,-0.000000,-0.999963, 0.000000;;,
      175;4; 0.008573,-0.000000,-0.999963, 0.000000;;,
      176;4; 0.008573,-0.000000,-0.999963, 0.000000;;,
      177;4; 0.008573,-0.000000,-0.999963, 0.000000;;,
      178;4; 0.008573,-0.000000,-0.999963, 0.000000;;,
      179;4; 0.008573,-0.000000,-0.999963, 0.000000;;,
      180;4; 0.008573,-0.000000,-0.999963, 0.000000;;,
      181;4; 0.008573,-0.000000,-0.999963, 0.000000;;,
      182;4; 0.008573,-0.000000,-0.999963, 0.000000;;,
      183;4; 0.008573,-0.000000,-0.999963, 0.000000;;,
      184;4; 0.008573,-0.000000,-0.999963, 0.000000;;,
      185;4; 0.008573,-0.000000,-0.999963, 0.000000;;,
      186;4; 0.008573,-0.000000,-0.999963, 0.000000;;,
      187;4; 0.008573,-0.000000,-0.999963, 0.000000;;,
      188;4; 0.008573,-0.000000,-0.999963, 0.000000;;,
      189;4; 0.008573,-0.000000,-0.999963, 0.000000;;,
      190;4; 0.008573,-0.000000,-0.999963, 0.000000;;,
      191;4; 0.008573,-0.000000,-0.999963, 0.000000;;,
      192;4; 0.008573,-0.000000,-0.999963, 0.000000;;,
      193;4; 0.008573,-0.000000,-0.999963, 0.000000;;,
      194;4; 0.008573,-0.000000,-0.999963, 0.000000;;,
      195;4; 0.008573,-0.000000,-0.999963, 0.000000;;,
      196;4; 0.008573,-0.000000,-0.999963, 0.000000;;,
      197;4; 0.008573,-0.000000,-0.999963, 0.000000;;,
      198;4; 0.008573,-0.000000,-0.999963, 0.000000;;,
      199;4; 0.008573,-0.000000,-0.999963, 0.000000;;,
      200;4; 0.008573,-0.000000,-0.999963, 0.000000;;,
      201;4; 0.008573,-0.000000,-0.999963, 0.000000;;,
      202;4; 0.008573,-0.000000,-0.999963, 0.000000;;,
      203;4; 0.008573,-0.000000,-0.999963, 0.000000;;,
      204;4; 0.008573,-0.000000,-0.999963, 0.000000;;,
      205;4; 0.008573,-0.000000,-0.999963, 0.000000;;,
      206;4; 0.008573,-0.000000,-0.999963, 0.000000;;,
      207;4; 0.008573,-0.000000,-0.999963, 0.000000;;,
      208;4; 0.008573,-0.000000,-0.999963, 0.000000;;,
      209;4; 0.008573,-0.000000,-0.999963, 0.000000;;,
      210;4; 0.008573,-0.000000,-0.999963, 0.000000;;,
      211;4; 0.008573,-0.000000,-0.999963, 0.000000;;,
      212;4; 0.008573,-0.000000,-0.999963, 0.000000;;,
      213;4; 0.008573,-0.000000,-0.999963, 0.000000;;,
      214;4; 0.008573,-0.000000,-0.999963, 0.000000;;,
      215;4; 0.008573,-0.000000,-0.999963, 0.000000;;,
      216;4; 0.008573,-0.000000,-0.999963, 0.000000;;,
      217;4; 0.008573,-0.000000,-0.999963, 0.000000;;,
      218;4; 0.008573,-0.000000,-0.999963, 0.000000;;,
      219;4; 0.008573,-0.000000,-0.999963, 0.000000;;,
      220;4; 0.008573,-0.000000,-0.999963, 0.000000;;,
      221;4; 0.008573,-0.000000,-0.999963, 0.000000;;,
      222;4; 0.008573,-0.000000,-0.999963, 0.000000;;,
      223;4; 0.008573,-0.000000,-0.999963, 0.000000;;,
      224;4; 0.008573,-0.000000,-0.999963, 0.000000;;,
      225;4; 0.008573,-0.000000,-0.999963, 0.000000;;,
      226;4; 0.008573,-0.000000,-0.999963, 0.000000;;,
      227;4; 0.008573,-0.000000,-0.999963, 0.000000;;,
      228;4; 0.008573,-0.000000,-0.999963, 0.000000;;,
      229;4; 0.008573,-0.000000,-0.999963, 0.000000;;,
      230;4; 0.008573,-0.000000,-0.999963, 0.000000;;,
      231;4; 0.008573,-0.000000,-0.999963, 0.000000;;,
      232;4; 0.008573,-0.000000,-0.999963, 0.000000;;,
      233;4; 0.008573,-0.000000,-0.999963, 0.000000;;,
      234;4; 0.008573,-0.000000,-0.999963, 0.000000;;,
      235;4; 0.008573,-0.000000,-0.999963, 0.000000;;,
      236;4; 0.008573,-0.000000,-0.999963, 0.000000;;,
      237;4; 0.008573,-0.000000,-0.999963, 0.000000;;,
      238;4; 0.008573,-0.000000,-0.999963, 0.000000;;,
      239;4; 0.008573,-0.000000,-0.999963, 0.000000;;,
      240;4; 0.008573,-0.000000,-0.999963, 0.000000;;,
      241;4; 0.008573,-0.000000,-0.999963, 0.000000;;,
      242;4; 0.008573,-0.000000,-0.999963, 0.000000;;,
      243;4; 0.008573,-0.000000,-0.999963, 0.000000;;,
      244;4; 0.008573,-0.000000,-0.999963, 0.000000;;,
      245;4; 0.008573,-0.000000,-0.999963, 0.000000;;,
      246;4; 0.008573,-0.000000,-0.999963, 0.000000;;,
      247;4; 0.008573,-0.000000,-0.999963, 0.000000;;,
      248;4; 0.008573,-0.000000,-0.999963, 0.000000;;,
      249;4; 0.008573,-0.000000,-0.999963, 0.000000;;,
      250;4; 0.008573,-0.000000,-0.999963, 0.000000;;,
      251;4; 0.008573,-0.000000,-0.999963, 0.000000;;,
      252;4; 0.008573,-0.000000,-0.999963, 0.000000;;,
      253;4; 0.008573,-0.000000,-0.999963, 0.000000;;,
      254;4; 0.008573,-0.000000,-0.999963, 0.000000;;,
      255;4; 0.008573,-0.000000,-0.999963, 0.000000;;,
      256;4; 0.008573,-0.000000,-0.999963, 0.000000;;,
      257;4; 0.008573,-0.000000,-0.999963, 0.000000;;,
      258;4; 0.008573,-0.000000,-0.999963, 0.000000;;,
      259;4; 0.008573,-0.000000,-0.999963, 0.000000;;,
      260;4; 0.008573,-0.000000,-0.999963, 0.000000;;,
      261;4; 0.008573,-0.000000,-0.999963, 0.000000;;,
      262;4; 0.008573,-0.000000,-0.999963, 0.000000;;,
      263;4; 0.008573,-0.000000,-0.999963, 0.000000;;,
      264;4; 0.008573,-0.000000,-0.999963, 0.000000;;,
      265;4; 0.008573,-0.000000,-0.999963, 0.000000;;,
      266;4; 0.008573,-0.000000,-0.999963, 0.000000;;,
      267;4; 0.008573,-0.000000,-0.999963, 0.000000;;,
      268;4; 0.008573,-0.000000,-0.999963, 0.000000;;,
      269;4; 0.008573,-0.000000,-0.999963, 0.000000;;,
      270;4; 0.008573,-0.000000,-0.999963, 0.000000;;,
      271;4; 0.008573,-0.000000,-0.999963, 0.000000;;,
      272;4; 0.008573,-0.000000,-0.999963, 0.000000;;,
      273;4; 0.008573,-0.000000,-0.999963, 0.000000;;,
      274;4; 0.008573,-0.000000,-0.999963, 0.000000;;,
      275;4; 0.008573,-0.000000,-0.999963, 0.000000;;,
      276;4; 0.008573,-0.000000,-0.999963, 0.000000;;,
      277;4; 0.008573,-0.000000,-0.999963, 0.000000;;,
      278;4; 0.008573,-0.000000,-0.999963, 0.000000;;,
      279;4; 0.008573,-0.000000,-0.999963, 0.000000;;,
      280;4; 0.008573,-0.000000,-0.999963, 0.000000;;,
      281;4; 0.008573,-0.000000,-0.999963, 0.000000;;,
      282;4; 0.008573,-0.000000,-0.999963, 0.000000;;,
      283;4; 0.008573,-0.000000,-0.999963, 0.000000;;,
      284;4; 0.008573,-0.000000,-0.999963, 0.000000;;,
      285;4; 0.008573,-0.000000,-0.999963, 0.000000;;,
      286;4; 0.008573,-0.000000,-0.999963, 0.000000;;,
      287;4; 0.008573,-0.000000,-0.999963, 0.000000;;,
      288;4; 0.008573,-0.000000,-0.999963, 0.000000;;,
      289;4; 0.008573,-0.000000,-0.999963, 0.000000;;,
      290;4; 0.008573,-0.000000,-0.999963, 0.000000;;,
      291;4; 0.008573,-0.000000,-0.999963, 0.000000;;,
      292;4; 0.008573,-0.000000,-0.999963, 0.000000;;,
      293;4; 0.008573,-0.000000,-0.999963, 0.000000;;,
      294;4; 0.008573,-0.000000,-0.999963, 0.000000;;,
      295;4; 0.008573,-0.000000,-0.999963, 0.000000;;,
      296;4; 0.008573,-0.000000,-0.999963, 0.000000;;,
      297;4; 0.008573,-0.000000,-0.999963, 0.000000;;,
      298;4; 0.008573,-0.000000,-0.999963, 0.000000;;,
      299;4; 0.008573,-0.000000,-0.999963, 0.000000;;,
      300;4; 0.008573,-0.000000,-0.999963, 0.000000;;,
      301;4; 0.008573,-0.000000,-0.999963, 0.000000;;,
      302;4; 0.008573,-0.000000,-0.999963, 0.000000;;,
      303;4; 0.008573,-0.000000,-0.999963, 0.000000;;,
      304;4; 0.008573,-0.000000,-0.999963, 0.000000;;,
      305;4; 0.008573,-0.000000,-0.999963, 0.000000;;,
      306;4; 0.008573,-0.000000,-0.999963, 0.000000;;,
      307;4; 0.008573,-0.000000,-0.999963, 0.000000;;,
      308;4; 0.008573,-0.000000,-0.999963, 0.000000;;,
      309;4; 0.008573,-0.000000,-0.999963, 0.000000;;,
      310;4; 0.008573,-0.000000,-0.999963, 0.000000;;,
      311;4; 0.008573,-0.000000,-0.999963, 0.000000;;,
      312;4; 0.008573,-0.000000,-0.999963, 0.000000;;,
      313;4; 0.008573,-0.000000,-0.999963, 0.000000;;,
      314;4; 0.008573,-0.000000,-0.999963, 0.000000;;,
      315;4; 0.008573,-0.000000,-0.999963, 0.000000;;,
      316;4; 0.008573,-0.000000,-0.999963, 0.000000;;,
      317;4; 0.008573,-0.000000,-0.999963, 0.000000;;,
      318;4; 0.008573,-0.000000,-0.999963, 0.000000;;,
      319;4; 0.008573,-0.000000,-0.999963, 0.000000;;,
      320;4; 0.008573,-0.000000,-0.999963, 0.000000;;,
      321;4; 0.008573,-0.000000,-0.999963, 0.000000;;,
      322;4; 0.008573,-0.000000,-0.999963, 0.000000;;,
      323;4; 0.008573,-0.000000,-0.999963, 0.000000;;,
      324;4; 0.008573,-0.000000,-0.999963, 0.000000;;,
      325;4; 0.008573,-0.000000,-0.999963, 0.000000;;,
      326;4; 0.008573,-0.000000,-0.999963, 0.000000;;,
      327;4; 0.008573,-0.000000,-0.999963, 0.000000;;,
      328;4; 0.008573,-0.000000,-0.999963, 0.000000;;,
      329;4; 0.008573,-0.000000,-0.999963, 0.000000;;,
      330;4; 0.008573,-0.000000,-0.999963, 0.000000;;,
      331;4; 0.008573,-0.000000,-0.999963, 0.000000;;,
      332;4; 0.008573,-0.000000,-0.999963, 0.000000;;,
      333;4; 0.008573,-0.000000,-0.999963, 0.000000;;,
      334;4; 0.008573,-0.000000,-0.999963, 0.000000;;,
      335;4; 0.008573,-0.000000,-0.999963, 0.000000;;,
      336;4; 0.008573,-0.000000,-0.999963, 0.000000;;,
      337;4; 0.008573,-0.000000,-0.999963, 0.000000;;,
      338;4; 0.008573,-0.000000,-0.999963, 0.000000;;,
      339;4; 0.008573,-0.000000,-0.999963, 0.000000;;,
      340;4; 0.008573,-0.000000,-0.999963, 0.000000;;,
      341;4; 0.008573,-0.000000,-0.999963, 0.000000;;,
      342;4; 0.008573,-0.000000,-0.999963, 0.000000;;,
      343;4; 0.008573,-0.000000,-0.999963, 0.000000;;,
      344;4; 0.008573,-0.000000,-0.999963, 0.000000;;,
      345;4; 0.008573,-0.000000,-0.999963, 0.000000;;,
      346;4; 0.008573,-0.000000,-0.999963, 0.000000;;,
      347;4; 0.008573,-0.000000,-0.999963, 0.000000;;,
      348;4; 0.008573,-0.000000,-0.999963, 0.000000;;,
      349;4; 0.008573,-0.000000,-0.999963, 0.000000;;,
      350;4; 0.008573,-0.000000,-0.999963, 0.000000;;,
      351;4; 0.008573,-0.000000,-0.999963, 0.000000;;,
      352;4; 0.008573,-0.000000,-0.999963, 0.000000;;,
      353;4; 0.008573,-0.000000,-0.999963, 0.000000;;,
      354;4; 0.008573,-0.000000,-0.999963, 0.000000;;,
      355;4; 0.008573,-0.000000,-0.999963, 0.000000;;,
      356;4; 0.008573,-0.000000,-0.999963, 0.000000;;,
      357;4; 0.008573,-0.000000,-0.999963, 0.000000;;,
      358;4; 0.008573,-0.000000,-0.999963, 0.000000;;,
      359;4; 0.008573,-0.000000,-0.999963, 0.000000;;,
      360;4; 0.008573,-0.000000,-0.999963, 0.000000;;,
      361;4; 0.008573,-0.000000,-0.999963, 0.000000;;,
      362;4; 0.008573,-0.000000,-0.999963, 0.000000;;,
      363;4; 0.008573,-0.000000,-0.999963, 0.000000;;,
      364;4; 0.008573,-0.000000,-0.999963, 0.000000;;,
      365;4; 0.008573,-0.000000,-0.999963, 0.000000;;,
      366;4; 0.008573,-0.000000,-0.999963, 0.000000;;,
      367;4; 0.008573,-0.000000,-0.999963, 0.000000;;,
      368;4; 0.008573,-0.000000,-0.999963, 0.000000;;,
      369;4; 0.008573,-0.000000,-0.999963, 0.000000;;,
      370;4; 0.008573,-0.000000,-0.999963, 0.000000;;,
      371;4; 0.008573,-0.000000,-0.999963, 0.000000;;,
      372;4; 0.008573,-0.000000,-0.999963, 0.000000;;,
      373;4; 0.008573,-0.000000,-0.999963, 0.000000;;,
      374;4; 0.008573,-0.000000,-0.999963, 0.000000;;,
      375;4; 0.008573,-0.000000,-0.999963, 0.000000;;,
      376;4; 0.008573,-0.000000,-0.999963, 0.000000;;,
      377;4; 0.008573,-0.000000,-0.999963, 0.000000;;,
      378;4; 0.008573,-0.000000,-0.999963, 0.000000;;,
      379;4; 0.008573,-0.000000,-0.999963, 0.000000;;,
      380;4; 0.008573,-0.000000,-0.999963, 0.000000;;,
      381;4; 0.008573,-0.000000,-0.999963, 0.000000;;,
      382;4; 0.008573,-0.000000,-0.999963, 0.000000;;,
      383;4; 0.008573,-0.000000,-0.999963, 0.000000;;,
      384;4; 0.008573,-0.000000,-0.999963, 0.000000;;,
      385;4; 0.008573,-0.000000,-0.999963, 0.000000;;,
      386;4; 0.008573,-0.000000,-0.999963, 0.000000;;,
      387;4; 0.008573,-0.000000,-0.999963, 0.000000;;,
      388;4; 0.008573,-0.000000,-0.999963, 0.000000;;,
      389;4; 0.008573,-0.000000,-0.999963, 0.000000;;,
      390;4; 0.008573,-0.000000,-0.999963, 0.000000;;,
      391;4; 0.008573,-0.000000,-0.999963, 0.000000;;,
      392;4; 0.008573,-0.000000,-0.999963, 0.000000;;,
      393;4; 0.008573,-0.000000,-0.999963, 0.000000;;,
      394;4; 0.008573,-0.000000,-0.999963, 0.000000;;,
      395;4; 0.008573,-0.000000,-0.999963, 0.000000;;,
      396;4; 0.008573,-0.000000,-0.999963, 0.000000;;,
      397;4; 0.008573,-0.000000,-0.999963, 0.000000;;,
      398;4; 0.008573,-0.000000,-0.999963, 0.000000;;,
      399;4; 0.008573,-0.000000,-0.999963, 0.000000;;,
      400;4; 0.008573,-0.000000,-0.999963, 0.000000;;,
      401;4; 0.008573,-0.000000,-0.999963, 0.000000;;,
      402;4; 0.008573,-0.000000,-0.999963, 0.000000;;,
      403;4; 0.008573,-0.000000,-0.999963, 0.000000;;,
      404;4; 0.008573,-0.000000,-0.999963, 0.000000;;,
      405;4; 0.008573,-0.000000,-0.999963, 0.000000;;,
      406;4; 0.008573,-0.000000,-0.999963, 0.000000;;,
      407;4; 0.008573,-0.000000,-0.999963, 0.000000;;,
      408;4; 0.008573,-0.000000,-0.999963, 0.000000;;,
      409;4; 0.008573,-0.000000,-0.999963, 0.000000;;,
      410;4; 0.008573,-0.000000,-0.999963, 0.000000;;,
      411;4; 0.008573,-0.000000,-0.999963, 0.000000;;,
      412;4; 0.008573,-0.000000,-0.999963, 0.000000;;,
      413;4; 0.008573,-0.000000,-0.999963, 0.000000;;,
      414;4; 0.008573,-0.000000,-0.999963, 0.000000;;;
    }
    AnimationKey { // Scale
      1;
      415;
      0;3; 0.626615, 0.626615, 0.626615;;,
      1;3; 0.626615, 0.626615, 0.626615;;,
      2;3; 0.626615, 0.626615, 0.626615;;,
      3;3; 0.626615, 0.626615, 0.626615;;,
      4;3; 0.626615, 0.626615, 0.626615;;,
      5;3; 0.626615, 0.626615, 0.626615;;,
      6;3; 0.626615, 0.626615, 0.626615;;,
      7;3; 0.626615, 0.626615, 0.626615;;,
      8;3; 0.626615, 0.626615, 0.626615;;,
      9;3; 0.626615, 0.626615, 0.626615;;,
      10;3; 0.626615, 0.626615, 0.626615;;,
      11;3; 0.626615, 0.626615, 0.626615;;,
      12;3; 0.626615, 0.626615, 0.626615;;,
      13;3; 0.626615, 0.626615, 0.626615;;,
      14;3; 0.626615, 0.626615, 0.626615;;,
      15;3; 0.626615, 0.626615, 0.626615;;,
      16;3; 0.626615, 0.626615, 0.626615;;,
      17;3; 0.626615, 0.626615, 0.626615;;,
      18;3; 0.626615, 0.626615, 0.626615;;,
      19;3; 0.626615, 0.626615, 0.626615;;,
      20;3; 0.626615, 0.626615, 0.626615;;,
      21;3; 0.626615, 0.626615, 0.626615;;,
      22;3; 0.626615, 0.626615, 0.626615;;,
      23;3; 0.626615, 0.626615, 0.626615;;,
      24;3; 0.626615, 0.626615, 0.626615;;,
      25;3; 0.626615, 0.626615, 0.626615;;,
      26;3; 0.626615, 0.626615, 0.626615;;,
      27;3; 0.626615, 0.626615, 0.626615;;,
      28;3; 0.626615, 0.626615, 0.626615;;,
      29;3; 0.626615, 0.626615, 0.626615;;,
      30;3; 0.626615, 0.626615, 0.626615;;,
      31;3; 0.626615, 0.626615, 0.626615;;,
      32;3; 0.626615, 0.626615, 0.626615;;,
      33;3; 0.626615, 0.626615, 0.626615;;,
      34;3; 0.626615, 0.626615, 0.626615;;,
      35;3; 0.626615, 0.626615, 0.626615;;,
      36;3; 0.626615, 0.626615, 0.626615;;,
      37;3; 0.626615, 0.626615, 0.626615;;,
      38;3; 0.626615, 0.626615, 0.626615;;,
      39;3; 0.626615, 0.626615, 0.626615;;,
      40;3; 0.626615, 0.626615, 0.626615;;,
      41;3; 0.626615, 0.626615, 0.626615;;,
      42;3; 0.626615, 0.626615, 0.626615;;,
      43;3; 0.626615, 0.626615, 0.626615;;,
      44;3; 0.626615, 0.626615, 0.626615;;,
      45;3; 0.626615, 0.626615, 0.626615;;,
      46;3; 0.626615, 0.626615, 0.626615;;,
      47;3; 0.626615, 0.626615, 0.626615;;,
      48;3; 0.626615, 0.626615, 0.626615;;,
      49;3; 0.626615, 0.626615, 0.626615;;,
      50;3; 0.626615, 0.626615, 0.626615;;,
      51;3; 0.626615, 0.626615, 0.626615;;,
      52;3; 0.626615, 0.626615, 0.626615;;,
      53;3; 0.626615, 0.626615, 0.626615;;,
      54;3; 0.626615, 0.626615, 0.626615;;,
      55;3; 0.626615, 0.626615, 0.626615;;,
      56;3; 0.626615, 0.626615, 0.626615;;,
      57;3; 0.626615, 0.626615, 0.626615;;,
      58;3; 0.626615, 0.626615, 0.626615;;,
      59;3; 0.626615, 0.626615, 0.626615;;,
      60;3; 0.626615, 0.626615, 0.626615;;,
      61;3; 0.626615, 0.626615, 0.626615;;,
      62;3; 0.626615, 0.626615, 0.626615;;,
      63;3; 0.626615, 0.626615, 0.626615;;,
      64;3; 0.626615, 0.626615, 0.626615;;,
      65;3; 0.626615, 0.626615, 0.626615;;,
      66;3; 0.626615, 0.626615, 0.626615;;,
      67;3; 0.626615, 0.626615, 0.626615;;,
      68;3; 0.626615, 0.626615, 0.626615;;,
      69;3; 0.626615, 0.626615, 0.626615;;,
      70;3; 0.626615, 0.626615, 0.626615;;,
      71;3; 0.626615, 0.626615, 0.626615;;,
      72;3; 0.626615, 0.626615, 0.626615;;,
      73;3; 0.626615, 0.626615, 0.626615;;,
      74;3; 0.626615, 0.626615, 0.626615;;,
      75;3; 0.626615, 0.626615, 0.626615;;,
      76;3; 0.626615, 0.626615, 0.626615;;,
      77;3; 0.626615, 0.626615, 0.626615;;,
      78;3; 0.626615, 0.626615, 0.626615;;,
      79;3; 0.626615, 0.626615, 0.626615;;,
      80;3; 0.626615, 0.626615, 0.626615;;,
      81;3; 0.626615, 0.626615, 0.626615;;,
      82;3; 0.626615, 0.626615, 0.626615;;,
      83;3; 0.626615, 0.626615, 0.626615;;,
      84;3; 0.626615, 0.626615, 0.626615;;,
      85;3; 0.626615, 0.626615, 0.626615;;,
      86;3; 0.626615, 0.626615, 0.626615;;,
      87;3; 0.626615, 0.626615, 0.626615;;,
      88;3; 0.626615, 0.626615, 0.626615;;,
      89;3; 0.626615, 0.626615, 0.626615;;,
      90;3; 0.626615, 0.626615, 0.626615;;,
      91;3; 0.626615, 0.626615, 0.626615;;,
      92;3; 0.626615, 0.626615, 0.626615;;,
      93;3; 0.626615, 0.626615, 0.626615;;,
      94;3; 0.626615, 0.626615, 0.626615;;,
      95;3; 0.626615, 0.626615, 0.626615;;,
